0.9000 92.4237 2.4398
0.9000 92.6559 2.4266
0.9000 92.4583 2.4378
0.9000 92.4480 2.4384
0.9000 92.9139 2.4116
0.9000 92.8746 2.4139
0.9000 78.4096 3.0748
0.9000 78.4597 3.0727
0.9000 78.3609 3.0768
0.9000 78.2991 3.0794
0.9000 92.9869 2.4073
0.9000 78.3722 3.0764
0.9000 92.4048 2.4409
0.9000 78.4851 3.0717
0.9000 78.4763 3.0720
0.9000 92.5047 2.4352
0.9000 92.5790 2.4310
0.9000 78.4015 3.0751
0.9000 78.4698 3.0723
0.9000 92.6501 2.4269
0.9000 92.8922 2.4128
0.9000 92.9966 2.4067
0.9000 78.4968 3.0712
0.9000 78.4793 3.0719
0.9000 78.4859 3.0716
0.9000 92.4369 2.4390
0.9000 93.2278 2.3929
0.9000 92.4279 2.4396
0.9000 92.5394 2.4332
0.9000 92.7603 2.4205
0.9000 78.4449 3.0733
0.9000 78.4689 3.0724
0.9000 92.7927 2.4186
0.9000 93.2989 2.3886
0.9000 78.4261 3.0741
0.9000 92.4039 2.4409
0.9000 78.4138 3.0746
0.9000 91.1562 2.5086
0.9000 93.9215 2.3497
0.9000 93.3587 2.3850
0.9000 78.4949 3.0713
0.9000 78.4576 3.0728
0.9000 92.4744 2.4369
0.9000 78.4927 3.0714
0.9000 92.4894 2.4361
0.9000 93.3034 2.3883
0.9000 78.5039 3.0709
0.9000 78.3755 3.0762
0.9000 92.6572 2.4265
0.9000 92.9969 2.4067
0.9000 78.4346 3.0738
0.9000 78.4897 3.0715
0.9000 93.0194 2.4054
0.9000 78.4653 3.0725
0.9000 92.7714 2.4199
0.9000 81.6470 2.9402
0.9000 78.4064 3.0749
0.9000 78.5580 3.0687
0.9000 92.6408 2.4274
0.9000 93.2879 2.3893
0.9000 92.3947 2.4414
0.9000 92.0912 2.4584
0.9000 92.8600 2.4147
0.9000 78.5436 3.0693
0.9000 78.4650 3.0725
0.9000 78.4554 3.0729
0.9000 92.4275 2.4396
0.9000 93.4868 2.3771
0.9000 92.0670 2.4597
0.9000 78.4928 3.0714
0.9000 93.1517 2.3975
0.9000 87.7172 2.6761
0.9000 92.7604 2.4205
0.9000 92.7837 2.4192
0.9000 92.5444 2.4329
0.9000 92.9473 2.4096
0.9000 92.4957 2.4357
0.9000 78.4220 3.0743
0.9000 78.4571 3.0728
0.9000 92.4478 2.4384
0.9000 78.4481 3.0732
0.9000 92.7472 2.4213
0.9000 92.4103 2.4405
0.9000 78.4706 3.0723
0.9000 78.5201 3.0702
0.9000 92.6006 2.4297
0.9000 78.4844 3.0717
0.9000 92.5008 2.4354
0.9000 91.5985 2.4852
0.9000 92.4270 2.4396
0.9000 78.4582 3.0728
0.9000 78.4559 3.0729
0.9000 91.7588 2.4766
0.9000 93.5635 2.3724
0.9000 78.4887 3.0715
0.9000 78.3758 3.0762
0.9000 78.4681 3.0724
0.9000 78.6453 3.0651
0.9000 92.6956 2.4243
0.9000 78.4884 3.0715
1.0000 91.9645 2.6110
1.0000 88.7233 2.7630
1.0000 89.9432 2.7075
1.0000 89.5933 2.7236
1.0000 85.7660 2.8921
1.0000 85.4032 2.9075
1.0000 85.1178 2.9196
1.0000 85.4451 2.9057
1.0000 92.1828 2.6002
1.0000 85.5640 2.9007
1.0000 85.5762 2.9002
1.0000 85.6096 2.8987
1.0000 85.5474 2.9014
1.0000 92.8083 2.5685
1.0000 85.5815 2.8999
1.0000 91.8253 2.6179
1.0000 91.7561 2.6213
1.0000 92.9633 2.5605
1.0000 93.1034 2.5533
1.0000 92.1509 2.6018
1.0000 91.1097 2.6526
1.0000 91.8591 2.6162
1.0000 91.0371 2.6561
1.0000 89.6067 2.7230
1.0000 92.4438 2.5871
1.0000 91.9196 2.6133
1.0000 88.6046 2.7683
1.0000 90.2072 2.6953
1.0000 90.6404 2.6750
1.0000 89.5070 2.7275
1.0000 90.9829 2.6587
1.0000 92.1322 2.6027
1.0000 88.4283 2.7762
1.0000 85.6327 2.8978
1.0000 93.5057 2.5321
1.0000 91.9859 2.6100
1.0000 90.4488 2.6840
1.0000 85.6786 2.8958
1.0000 90.9582 2.6599
1.0000 88.5362 2.7714
1.0000 92.3667 2.5910
1.0000 92.0009 2.6092
1.0000 85.3101 2.9115
1.0000 91.4609 2.6357
1.0000 91.0948 2.6534
1.0000 85.9566 2.8839
1.0000 90.4373 2.6845
1.0000 85.4505 2.9055
1.0000 86.5936 2.8566
1.0000 90.8294 2.6660
1.0000 85.5294 2.9022
1.0000 91.6127 2.6283
1.0000 91.7283 2.6227
1.0000 85.5162 2.9027
1.0000 94.0317 2.5036
1.0000 85.1634 2.9177
1.0000 85.6970 2.8950
1.0000 93.1235 2.5522
1.0000 92.0525 2.6067
1.0000 86.2606 2.8709
1.0000 85.5062 2.9031
1.0000 88.8990 2.7551
1.0000 85.1405 2.9187
1.0000 91.8816 2.6151
1.0000 85.6185 2.8984
1.0000 90.6034 2.6767
1.0000 91.1546 2.6505
1.0000 92.0405 2.6073
1.0000 92.6355 2.5774
1.0000 90.3225 2.6899
1.0000 84.9724 2.9258
1.0000 85.6745 2.8960
1.0000 85.5225 2.9024
1.0000 90.7721 2.6687
1.0000 87.1191 2.8338
1.0000 91.4740 2.6351
1.0000 92.1873 2.6000
1.0000 86.0439 2.8802
1.0000 85.5896 2.8996
1.0000 85.4311 2.9063
1.0000 91.0274 2.6566
1.0000 93.3317 2.5413
1.0000 84.9705 2.9259
1.0000 91.4986 2.6339
1.0000 92.0790 2.6054
1.0000 85.4362 2.9061
1.0000 85.6498 2.8970
1.0000 91.3721 2.6400
1.0000 85.5619 2.9008
1.0000 92.4296 2.5878
1.0000 91.9338 2.6126
1.0000 87.2332 2.8288
1.0000 92.9576 2.5608
1.0000 93.8693 2.5125
1.0000 92.5909 2.5796
1.0000 91.6636 2.6258
1.0000 90.9842 2.6586
1.0000 84.9556 2.9265
1.0000 85.7079 2.8946
1.0000 85.1824 2.9169
