0.6000 77.3241 3.9002
0.6000 104.9515 1.7611
0.6000 104.9372 1.7600
0.6000 104.9373 1.7600
0.6000 104.9388 1.7601
0.6000 104.9418 1.7603
0.6000 104.9533 1.7612
0.6000 104.9337 1.7597
0.6000 104.9365 1.7600
0.6000 104.9264 1.7592
0.6000 104.9472 1.7608
0.6000 104.9348 1.7598
0.6000 104.9454 1.7606
0.6000 104.9363 1.7599
0.6000 104.9448 1.7606
0.6000 104.9315 1.7596
0.6000 104.9428 1.7604
0.6000 104.9504 1.7610
0.6000 104.9272 1.7592
0.6000 104.9455 1.7606
0.6000 104.9469 1.7607
0.6000 104.9409 1.7603
0.6000 104.9429 1.7604
0.6000 104.9445 1.7606
0.6000 104.9417 1.7603
0.6000 104.9486 1.7609
0.6000 104.9487 1.7609
0.6000 104.9439 1.7605
0.6000 104.9412 1.7603
0.6000 104.9451 1.7606
0.6000 104.9497 1.7610
0.6000 104.9311 1.7595
0.6000 104.9408 1.7603
0.6000 104.9480 1.7608
0.6000 104.9277 1.7593
0.6000 104.9398 1.7602
0.6000 104.9666 1.7622
0.6000 104.9416 1.7603
0.6000 104.9414 1.7603
0.6000 104.9360 1.7599
0.6000 104.9433 1.7605
0.6000 104.9357 1.7599
0.6000 104.9438 1.7605
0.6000 104.9188 1.7586
0.6000 104.9427 1.7604
0.6000 104.9432 1.7605
0.6000 104.9454 1.7606
0.6000 104.9443 1.7605
0.6000 104.9409 1.7603
0.6000 104.9343 1.7598
0.6000 104.9416 1.7603
0.6000 104.9309 1.7595
0.6000 104.9356 1.7599
0.6000 104.9395 1.7602
0.6000 104.9315 1.7596
0.6000 104.9578 1.7616
0.6000 104.9428 1.7604
0.6000 104.9408 1.7603
0.6000 104.9254 1.7591
0.6000 104.9392 1.7602
0.6000 104.9443 1.7605
0.6000 104.9426 1.7604
0.6000 104.9450 1.7606
0.6000 104.9397 1.7602
0.6000 104.9433 1.7605
0.6000 104.9443 1.7605
0.6000 104.9654 1.7621
0.6000 104.9589 1.7617
0.6000 104.9259 1.7591
0.6000 104.9566 1.7615
0.6000 104.9470 1.7607
0.6000 104.9391 1.7601
0.6000 104.9564 1.7615
0.6000 104.9399 1.7602
0.6000 104.9431 1.7605
0.6000 104.9291 1.7594
0.6000 104.9418 1.7604
0.6000 104.9418 1.7604
0.6000 104.9462 1.7607
0.6000 104.9474 1.7608
0.6000 104.9389 1.7601
0.6000 104.9558 1.7614
0.6000 104.9406 1.7603
0.6000 104.9330 1.7597
0.6000 104.9405 1.7603
0.6000 104.9458 1.7607
0.6000 104.9399 1.7602
0.6000 104.9469 1.7607
0.6000 104.9426 1.7604
0.6000 104.9431 1.7604
0.6000 104.9516 1.7611
0.6000 104.9337 1.7597
0.6000 104.9527 1.7612
0.6000 104.9342 1.7598
0.6000 104.9371 1.7600
0.6000 104.9262 1.7592
0.6000 104.9404 1.7602
0.6000 104.9415 1.7603
0.6000 104.9387 1.7601
0.6000 104.9324 1.7596
