0.8000 114.7137 1.9601
0.8000 114.7085 1.9595
0.8000 114.7014 1.9587
0.8000 114.7058 1.9592
0.8000 114.7100 1.9596
0.8000 114.7050 1.9591
0.8000 114.7083 1.9595
0.8000 114.7014 1.9587
0.8000 114.7078 1.9594
0.8000 114.6960 1.9581
0.8000 114.6992 1.9584
0.8000 114.7171 1.9605
0.8000 114.7182 1.9606
0.8000 114.7077 1.9594
0.8000 114.7109 1.9597
0.8000 114.7210 1.9609
0.8000 114.7060 1.9592
0.8000 114.7066 1.9593
0.8000 114.6989 1.9584
0.8000 114.6967 1.9581
0.8000 114.7010 1.9586
0.8000 114.6987 1.9584
0.8000 114.8498 1.9763
0.8000 114.7017 1.9587
0.8000 114.7009 1.9586
0.8000 114.7144 1.9602
0.8000 114.7095 1.9596
0.8000 114.6977 1.9583
0.8000 114.7051 1.9591
0.8000 114.7080 1.9594
0.8000 114.7091 1.9595
0.8000 114.7044 1.9590
0.8000 114.7013 1.9587
0.8000 114.7093 1.9596
0.8000 114.7052 1.9591
0.8000 114.7058 1.9592
0.8000 114.7084 1.9595
0.8000 114.7011 1.9586
0.8000 114.7156 1.9603
0.8000 114.7077 1.9594
0.8000 114.7070 1.9593
0.8000 114.7066 1.9593
0.8000 114.7013 1.9587
0.8000 114.6973 1.9582
0.8000 114.7022 1.9588
0.8000 114.7165 1.9604
0.8000 114.7059 1.9592
0.8000 114.7045 1.9590
0.8000 114.6971 1.9582
0.8000 114.7019 1.9587
0.8000 114.7095 1.9596
0.8000 114.7046 1.9590
0.8000 114.7078 1.9594
0.8000 114.7075 1.9594
0.8000 114.7109 1.9597
0.8000 114.7112 1.9598
0.8000 114.7068 1.9593
0.8000 114.6946 1.9579
0.8000 114.7098 1.9596
0.8000 114.7092 1.9596
0.8000 114.7009 1.9586
0.8000 114.6999 1.9585
0.8000 114.6940 1.9578
0.8000 114.7105 1.9597
0.8000 114.7108 1.9597
0.8000 114.6990 1.9584
0.8000 114.6846 1.9568
0.8000 114.7080 1.9594
0.8000 114.6968 1.9582
0.8000 114.7062 1.9592
0.8000 114.7070 1.9593
0.8000 114.7014 1.9587
0.8000 114.7174 1.9605
0.8000 114.7008 1.9586
0.8000 114.7090 1.9595
0.8000 114.7009 1.9586
0.8000 114.7050 1.9591
0.8000 114.7076 1.9594
0.8000 114.6974 1.9582
0.8000 114.7050 1.9591
0.8000 114.7019 1.9587
0.8000 114.7008 1.9586
0.8000 114.7108 1.9597
0.8000 114.7162 1.9604
0.8000 114.7022 1.9588
0.8000 114.7068 1.9593
0.8000 114.7044 1.9590
0.8000 114.7099 1.9596
0.8000 77.2916 4.5584
0.8000 114.7070 1.9593
0.8000 114.7084 1.9595
0.8000 114.7053 1.9591
0.8000 114.7020 1.9587
0.8000 114.7085 1.9595
0.8000 114.7030 1.9589
0.8000 114.7005 1.9586
0.8000 114.7043 1.9590
0.8000 114.7035 1.9589
0.8000 114.7042 1.9590
0.8000 114.7033 1.9589
0.8500 116.8419 2.0031
0.8500 116.8384 2.0027
0.8500 116.8394 2.0028
0.8500 116.8368 2.0025
0.8500 116.8383 2.0027
0.8500 116.8389 2.0028
0.8500 116.8368 2.0025
0.8500 116.8374 2.0026
0.8500 116.8372 2.0026
0.8500 116.8323 2.0019
0.8500 116.8433 2.0033
0.8500 116.8624 2.0057
0.8500 116.8365 2.0025
0.8500 116.8414 2.0031
0.8500 116.8414 2.0031
0.8500 116.8404 2.0030
0.8500 116.8374 2.0026
0.8500 116.8427 2.0032
0.8500 116.8395 2.0028
0.8500 116.8312 2.0018
0.8500 116.8347 2.0022
0.8500 116.8375 2.0026
0.8500 116.8213 2.0006
0.8500 116.8318 2.0019
0.8500 116.8366 2.0025
0.8500 116.8289 2.0015
0.8500 116.8365 2.0025
0.8500 116.8247 2.0010
0.8500 116.8436 2.0034
0.8500 116.8305 2.0017
0.8500 116.8317 2.0019
0.8500 116.8312 2.0018
0.8500 116.8340 2.0022
0.8500 116.8396 2.0029
0.8500 116.8397 2.0029
0.8500 116.8401 2.0029
0.8500 116.8472 2.0038
0.8500 116.8270 2.0013
0.8500 116.8360 2.0024
0.8500 116.8340 2.0021
0.8500 116.8375 2.0026
0.8500 116.8345 2.0022
0.8500 116.8427 2.0032
0.8500 116.8295 2.0016
0.8500 116.8398 2.0029
0.8500 116.8328 2.0020
0.8500 116.8404 2.0030
0.8500 116.8368 2.0025
0.8500 116.8385 2.0027
0.8500 116.8372 2.0026
0.8500 116.8436 2.0034
0.8500 116.8361 2.0024
0.8500 116.8396 2.0029
0.8500 116.8392 2.0028
0.8500 116.8383 2.0027
0.8500 116.8367 2.0025
0.8500 116.8338 2.0021
0.8500 116.8358 2.0024
0.8500 116.8369 2.0025
0.8500 116.8367 2.0025
0.8500 116.8364 2.0025
0.8500 116.8338 2.0021
0.8500 116.8356 2.0024
0.8500 116.8258 2.0011
0.8500 116.8208 2.0005
0.8500 116.8406 2.0030
0.8500 116.8361 2.0024
0.8500 116.8404 2.0030
0.8500 116.8355 2.0023
0.8500 116.8402 2.0029
0.8500 116.8434 2.0033
0.8500 116.8454 2.0036
0.8500 116.8309 2.0018
0.8500 116.8358 2.0024
0.8500 116.8406 2.0030
0.8500 116.8359 2.0024
0.8500 116.8457 2.0036
0.8500 116.8428 2.0033
0.8500 116.8451 2.0035
0.8500 116.8392 2.0028
0.8500 116.8345 2.0022
0.8500 116.8400 2.0029
0.8500 116.8346 2.0022
0.8500 116.8373 2.0026
0.8500 116.8320 2.0019
0.8500 116.8438 2.0034
0.8500 116.8367 2.0025
0.8500 116.8306 2.0017
0.8500 116.8344 2.0022
0.8500 116.8375 2.0026
0.8500 116.8402 2.0029
0.8500 116.8352 2.0023
0.8500 116.8415 2.0031
0.8500 116.8406 2.0030
0.8500 116.8290 2.0015
0.8500 116.8374 2.0026
0.8500 116.8326 2.0020
0.8500 116.8435 2.0033
0.8500 116.8304 2.0017
0.8500 116.8409 2.0030
0.9000 118.8689 2.0434
0.9000 118.8717 2.0438
0.9000 118.8768 2.0445
0.9000 118.8647 2.0428
0.9000 118.8752 2.0442
0.9000 118.8751 2.0442
0.9000 118.8710 2.0437
0.9000 118.8757 2.0443
0.9000 118.8716 2.0437
0.9000 118.8741 2.0441
0.9000 118.8789 2.0448
0.9000 118.8695 2.0434
0.9000 118.8721 2.0438
0.9000 118.8704 2.0436
0.9000 118.8721 2.0438
0.9000 118.8706 2.0436
0.9000 118.8691 2.0434
0.9000 118.8716 2.0437
0.9000 118.8809 2.0450
0.9000 118.8769 2.0445
0.9000 118.8742 2.0441
0.9000 118.8727 2.0439
0.9000 118.8734 2.0440
0.9000 118.8750 2.0442
0.9000 118.8782 2.0447
0.9000 118.8701 2.0435
0.9000 118.8677 2.0432
0.9000 118.8714 2.0437
0.9000 118.8649 2.0428
0.9000 118.8666 2.0430
0.9000 118.8635 2.0426
0.9000 118.8689 2.0434
0.9000 118.8719 2.0438
0.9000 118.8679 2.0432
0.9000 118.8741 2.0441
0.9000 118.8550 2.0414
0.9000 118.8592 2.0420
0.9000 118.8722 2.0438
0.9000 118.8721 2.0438
0.9000 118.8726 2.0439
0.9000 118.8731 2.0439
0.9000 118.9398 2.0536
0.9000 118.8663 2.0430
0.9000 118.8773 2.0445
0.9000 118.8735 2.0440
0.9000 118.8703 2.0436
0.9000 118.8678 2.0432
0.9000 118.8699 2.0435
0.9000 118.8720 2.0438
0.9000 118.8717 2.0438
0.9000 118.8760 2.0444
0.9000 118.8698 2.0435
0.9000 118.8724 2.0439
0.9000 118.8777 2.0446
0.9000 118.8695 2.0435
0.9000 118.8754 2.0443
0.9000 118.8711 2.0437
0.9000 118.8711 2.0437
0.9000 118.8670 2.0431
0.9000 118.8780 2.0446
0.9000 118.8822 2.0452
0.9000 118.8720 2.0438
0.9000 118.8669 2.0431
0.9000 118.8773 2.0445
0.9000 118.8701 2.0435
0.9000 118.8726 2.0439
0.9000 118.8681 2.0432
0.9000 118.8691 2.0434
0.9000 118.8716 2.0437
0.9000 118.8793 2.0448
0.9000 118.8646 2.0428
0.9000 118.8804 2.0450
0.9000 118.8721 2.0438
0.9000 118.8693 2.0434
0.9000 118.8729 2.0439
0.9000 118.8714 2.0437
0.9000 118.8693 2.0434
0.9000 118.8638 2.0427
0.9000 118.8758 2.0443
0.9000 118.8728 2.0439
0.9000 118.8693 2.0434
0.9000 118.8689 2.0434
0.9000 118.8800 2.0449
0.9000 118.8680 2.0432
0.9000 118.8724 2.0438
0.9000 118.8690 2.0434
0.9000 118.8715 2.0437
0.9000 118.8709 2.0436
0.9000 118.8626 2.0425
0.9000 118.8723 2.0438
0.9000 118.8776 2.0446
0.9000 118.8668 2.0431
0.9000 118.8737 2.0440
0.9000 118.8612 2.0423
0.9000 118.8712 2.0437
0.9000 118.8742 2.0441
0.9000 118.8726 2.0439
0.9000 118.8666 2.0430
0.9000 118.8676 2.0432
0.9000 118.8695 2.0435
0.9500 120.8150 2.0822
0.9500 120.8207 2.0831
0.9500 120.8194 2.0829
0.9500 120.8191 2.0829
0.9500 120.8501 2.0878
0.9500 120.8182 2.0827
0.9500 120.8249 2.0838
0.9500 120.8216 2.0833
0.9500 120.8161 2.0824
0.9500 120.8223 2.0834
0.9500 120.8214 2.0832
0.9500 120.8223 2.0834
0.9500 120.8084 2.0812
0.9500 120.8172 2.0826
0.9500 120.8211 2.0832
0.9500 120.8165 2.0825
0.9500 120.8206 2.0831
0.9500 120.8182 2.0827
0.9500 120.8214 2.0832
0.9500 120.8183 2.0827
0.9500 120.8225 2.0834
0.9500 120.8210 2.0832
0.9500 120.8241 2.0836
0.9500 120.8196 2.0829
0.9500 120.8176 2.0826
0.9500 120.8285 2.0843
0.9500 120.8184 2.0828
0.9500 120.8207 2.0831
0.9500 120.8239 2.0836
0.9500 120.8278 2.0842
0.9500 120.8191 2.0829
0.9500 120.8161 2.0824
0.9500 120.8127 2.0819
0.9500 120.8227 2.0834
0.9500 120.8233 2.0835
0.9500 120.8326 2.0850
0.9500 120.8252 2.0838
0.9500 120.8192 2.0829
0.9500 120.8246 2.0837
0.9500 120.8223 2.0834
0.9500 120.8238 2.0836
0.9500 120.8200 2.0830
0.9500 120.8235 2.0836
0.9500 120.8249 2.0838
0.9500 120.8274 2.0842
0.9500 120.8167 2.0825
0.9500 120.8209 2.0832
0.9500 120.8260 2.0839
0.9500 120.8190 2.0828
0.9500 120.8267 2.0841
0.9500 120.8231 2.0835
0.9500 120.8249 2.0838
0.9500 120.8194 2.0829
0.9500 120.8244 2.0837
0.9500 120.8211 2.0832
0.9500 120.8190 2.0829
0.9500 120.8305 2.0846
0.9500 120.8247 2.0837
0.9500 120.8245 2.0837
0.9500 120.8164 2.0825
0.9500 120.8219 2.0833
0.9500 120.8194 2.0829
0.9500 120.8190 2.0829
0.9500 120.8229 2.0835
0.9500 120.8255 2.0839
0.9500 120.8200 2.0830
0.9500 120.8129 2.0819
0.9500 120.8226 2.0834
0.9500 120.8255 2.0839
0.9500 120.8187 2.0828
0.9500 120.8206 2.0831
0.9500 120.8184 2.0828
0.9500 120.8162 2.0824
0.9500 120.8245 2.0837
0.9500 120.8272 2.0841
0.9500 120.8247 2.0837
0.9500 120.8209 2.0831
0.9500 120.8276 2.0842
0.9500 120.8203 2.0831
0.9500 120.8198 2.0830
0.9500 120.8189 2.0828
0.9500 120.8222 2.0834
0.9500 120.8272 2.0841
0.9500 120.8195 2.0829
0.9500 120.8206 2.0831
0.9500 120.8233 2.0835
0.9500 120.8233 2.0835
0.9500 120.8205 2.0831
0.9500 120.8242 2.0837
0.9500 120.8148 2.0822
0.9500 120.8161 2.0824
0.9500 120.8167 2.0825
0.9500 120.8199 2.0830
0.9500 120.8162 2.0824
0.9500 120.8194 2.0829
0.9500 120.8232 2.0835
0.9500 120.8222 2.0834
0.9500 120.8296 2.0845
0.9500 120.8208 2.0831
0.9500 120.8134 2.0820
1.0000 122.6958 2.1213
1.0000 122.6938 2.1210
1.0000 122.6932 2.1209
1.0000 122.6910 2.1205
1.0000 122.6945 2.1211
1.0000 122.6907 2.1204
1.0000 122.6942 2.1210
1.0000 122.6921 2.1207
1.0000 122.6924 2.1207
1.0000 122.6915 2.1206
1.0000 122.6888 2.1201
1.0000 122.6931 2.1208
1.0000 122.6925 2.1207
1.0000 122.6951 2.1212
1.0000 122.6898 2.1203
1.0000 122.6924 2.1207
1.0000 122.6915 2.1206
1.0000 122.6927 2.1208
1.0000 122.6933 2.1209
1.0000 122.6930 2.1208
1.0000 122.6935 2.1209
1.0000 122.6918 2.1206
1.0000 122.6924 2.1207
1.0000 122.6922 2.1207
1.0000 122.6928 2.1208
1.0000 122.6947 2.1211
1.0000 122.7015 2.1223
1.0000 122.6953 2.1212
1.0000 122.6908 2.1204
1.0000 122.6921 2.1207
1.0000 122.6920 2.1207
1.0000 122.6933 2.1209
1.0000 122.6874 2.1199
1.0000 122.6976 2.1216
1.0000 122.6911 2.1205
1.0000 122.6929 2.1208
1.0000 122.6928 2.1208
1.0000 122.6920 2.1207
1.0000 122.6935 2.1209
1.0000 122.6937 2.1210
1.0000 122.6899 2.1203
1.0000 122.6957 2.1213
1.0000 122.6945 2.1211
1.0000 122.6902 2.1204
1.0000 122.6924 2.1207
1.0000 122.6980 2.1217
1.0000 122.6898 2.1203
1.0000 122.6905 2.1204
1.0000 122.6927 2.1208
1.0000 122.6916 2.1206
1.0000 122.6870 2.1198
1.0000 122.6949 2.1212
1.0000 122.6976 2.1216
1.0000 122.6958 2.1213
1.0000 122.6955 2.1213
1.0000 122.6908 2.1204
1.0000 122.6968 2.1215
1.0000 122.6904 2.1204
1.0000 122.6924 2.1207
1.0000 122.6901 2.1203
1.0000 122.6922 2.1207
1.0000 122.6911 2.1205
1.0000 122.6910 2.1205
1.0000 122.6945 2.1211
1.0000 122.6949 2.1212
1.0000 122.6921 2.1207
1.0000 122.6850 2.1194
1.0000 122.6897 2.1203
1.0000 122.6948 2.1212
1.0000 122.6815 2.1188
1.0000 122.6944 2.1211
1.0000 122.6925 2.1208
1.0000 122.6972 2.1216
1.0000 122.6923 2.1207
1.0000 122.6925 2.1208
1.0000 122.6924 2.1207
1.0000 122.6984 2.1218
1.0000 122.6921 2.1207
1.0000 122.6969 2.1215
1.0000 122.6903 2.1204
1.0000 122.6850 2.1194
1.0000 122.6956 2.1213
1.0000 122.6937 2.1210
1.0000 122.6913 2.1205
1.0000 122.6907 2.1204
1.0000 122.6879 2.1200
1.0000 122.6867 2.1197
1.0000 122.6945 2.1211
1.0000 122.6948 2.1212
1.0000 122.6968 2.1215
1.0000 122.6917 2.1206
1.0000 122.6896 2.1202
1.0000 122.6938 2.1210
1.0000 122.6916 2.1206
1.0000 122.6917 2.1206
1.0000 122.6922 2.1207
1.0000 122.6949 2.1212
1.0000 122.6931 2.1209
1.0000 122.6971 2.1215
1.0000 122.6908 2.1205
